pablo.picasso 4.02 6.23 7.69 5.31 3.29 6.26 4.25 6.41 3.97 9.80 7.19 5.31 6.40 6.34
frida.kahlo 6.29 5.16 5.10 5.86 5.95 3.79 4.49 4.09 8.26 7.07 6.68 8.20 9.71 6.82
leonardo.da-vinci 5.80 4.75 9.03 6.39 5.05 3.83 5.14 8.93 3.09 8.95 4.68 6.31 7.72 6.94
andy.warhol 3.07 3.29 3.50 6.54 6.21 9.25 3.42 4.15 6.85 3.57 5.23 9.80 7.68 4.05
louise.bourgeois 9.38 9.32 3.59 8.14 6.37 7.80 3.47 8.84 6.87 7.74 8.59 8.80 5.79 5.02
marina.abramovic 6.40 9.90 7.06 7.37 7.05 3.87 7.02 3.64 6.90 7.64 5.57 6.81 8.55 6.83
man.ray 7.38 7.61 5.01 4.14 7.62 6.86 6.63 5.97 9.38 4.49 9.26 8.04 4.16 7.97
cindy.sherman 4.99 4.96 9.12 3.86 3.49 6.68 3.38 3.10 3.77 4.01 8.69 6.99 3.60 7.67
artemisia.gentileschi 9.35 5.70 7.67 6.70 6.03 8.37 4.10 7.52 3.57 9.68 5.24 7.32 8.44 7.53
rosa.bonheur 5.88 6.33 4.37 7.42 6.59 5.60 4.91 7.04 4.71 4.94 3.78 7.42 4.09 8.66
georges.braque 7.08 4.36 3.94 7.70 8.28 3.06 7.50 8.53 7.56 9.62 5.15 6.06 4.74 3.66
max.ernst 8.29 6.03 5.63 7.58 3.66 7.21 5.71 4.68 9.84 4.04 5.66 6.88 9.31 9.65
