pablo.picasso 7.69 5.31 6.26 4.25 6.41 9.8 7.19 5.31 6.4 6.34 sum: 64.96
frida.kahlo 5.1 5.86 5.95 4.49 8.26 7.07 6.68 8.2 9.71 6.82 sum: 68.14
leonardo.da-vinci 9.03 6.39 5.05 5.14 8.93 8.95 4.68 6.31 7.72 6.94 sum: 69.14
andy.warhol 6.54 6.21 9.25 4.15 6.85 3.57 5.23 9.8 7.68 4.05 sum: 63.33
louise.bourgeois 8.14 6.37 7.8 8.84 6.87 7.74 8.59 8.8 5.79 5.02 sum: 73.96
marina.abramovic 7.06 7.37 7.05 7.02 6.9 7.64 5.57 6.81 8.55 6.83 sum: 70.8
man.ray 5.01 7.62 6.86 6.63 5.97 9.38 4.49 9.26 8.04 7.97 sum: 71.23
cindy.sherman 9.12 3.86 3.49 6.68 3.77 4.01 8.69 6.99 3.6 7.67 sum: 57.88
artemisia.gentileschi 7.67 6.7 6.03 8.37 7.52 9.68 5.24 7.32 8.44 7.53 sum: 74.5
rosa.bonheur 4.37 7.42 6.59 5.6 4.91 7.04 4.71 4.94 7.42 8.66 sum: 61.66
georges.braque 3.94 7.7 8.28 7.5 8.53 7.56 9.62 5.15 6.06 4.74 sum: 69.08
max.ernst 5.63 7.58 7.21 5.71 4.68 9.84 5.66 6.88 9.31 9.65 sum: 72.15
total average: 68.07
